#doc source topic proportion ...
0 null-source 6 0.4024941027164459 1 0.2964945137500763 3 0.1805773824453354 7 0.11611351370811462 5 0.004271406214684248 8 4.909662311547436E-5 4 0.0 2 0.0 0 0.0  
1 null-source 2 0.33751118183135986 4 0.32811102271080017 0 0.13518352806568146 3 0.10564010590314865 5 0.09355416148900986 8 0.0 7 0.0 6 0.0 1 0.0  
2 null-source 6 0.5931416153907776 8 0.24070796370506287 0 0.09181416034698486 5 0.0672566369175911 7 0.0037610619328916073 2 0.003318584058433771 4 0.0 3 0.0 1 0.0  
3 null-source 4 0.22323571145534515 0 0.21699471771717072 3 0.20667307078838348 6 0.1944311112165451 7 0.09097455441951752 5 0.055928949266672134 8 0.011761882342398167 2 0.0 1 0.0  
4 null-source 7 0.4163312315940857 5 0.27918344736099243 6 0.1311098337173462 0 0.06900517642498016 8 0.06440483033657074 3 0.03996549919247627 4 0.0 2 0.0 1 0.0  
5 null-source 7 0.6513255834579468 5 0.15037114918231964 8 0.1068928986787796 6 0.068716861307621 3 0.0222693532705307 2 4.241781425662339E-4 4 0.0 1 0.0 0 0.0  
6 null-source 5 0.5024858117103577 3 0.4957386255264282 2 0.0014204545877873898 0 3.5511364694684744E-4 8 0.0 7 0.0 6 0.0 4 0.0 1 0.0  
7 null-source 6 0.6531733274459839 0 0.16436126828193665 5 0.07384052127599716 8 0.057973962277173996 4 0.04943042993545532 3 0.0012205045204609632 7 0.0 2 0.0 1 0.0  
8 null-source 0 0.3373440206050873 4 0.25178253650665283 6 0.20543672144412994 2 0.1042780727148056 5 0.09135472029447556 3 0.009803921915590763 8 0.0 7 0.0 1 0.0  
9 null-source 7 0.5983284115791321 3 0.27290433645248413 8 0.08828841894865036 5 0.030598150566220284 2 0.006410029251128435 0 0.003010234795510769 4 4.2497433605603874E-4 6 3.541452679201029E-5 1 0.0  
10 null-source 4 0.8870370388031006 3 0.07407407462596893 5 0.031481482088565826 0 0.006481481250375509 7 9.259259095415473E-4 8 0.0 6 0.0 2 0.0 1 0.0  
11 null-source 3 0.6781693696975708 4 0.16643095016479492 7 0.05577869713306427 2 0.05572212487459183 5 0.03626180812716484 0 0.007637042552232742 8 0.0 6 0.0 1 0.0  
12 null-source 4 0.5536144375801086 2 0.3933734893798828 5 0.03313253074884415 7 0.01927710883319378 0 6.024096510373056E-4 8 0.0 6 0.0 3 0.0 1 0.0  
13 null-source 5 0.5324846506118774 3 0.46751537919044495 8 0.0 7 0.0 6 0.0 4 0.0 2 0.0 1 0.0 0 0.0  
14 null-source 8 0.43133047223091125 0 0.2954220175743103 5 0.16595135629177094 7 0.04721030220389366 6 0.03862661123275757 3 0.021459227427840233 4 0.0 2 0.0 1 0.0  
15 null-source 5 0.5070422291755676 8 0.2973395884037018 6 0.16744914650917053 4 0.017214396968483925 0 0.010954616591334343 7 0.0 3 0.0 2 0.0 1 0.0  
16 null-source 3 0.30204907059669495 0 0.292942076921463 7 0.18694661557674408 5 0.18365797400474548 4 0.031621553003787994 2 0.0027826966252177954 8 0.0 6 0.0 1 0.0  
17 null-source 3 0.5403205156326294 7 0.23275107145309448 8 0.11846241354942322 5 0.05673210695385933 0 0.05127016082406044 2 4.6375018428079784E-4 6 0.0 4 0.0 1 0.0  
18 null-source 4 0.48085373640060425 2 0.3584432005882263 3 0.16038919985294342 7 3.1387319904752076E-4 8 0.0 6 0.0 5 0.0 1 0.0 0 0.0  
19 null-source 2 0.5098068118095398 3 0.18677562475204468 0 0.15913818776607513 5 0.12154532223939896 4 0.02199108526110649 7 5.943536525592208E-4 8 1.485884131398052E-4 6 0.0 1 0.0  
20 null-source 6 0.45002537965774536 0 0.2242516428232193 8 0.21106037497520447 5 0.07711821049451828 4 0.03602232411503792 1 0.0015220700297504663 7 0.0 3 0.0 2 0.0  
21 null-source 1 0.5588192939758301 3 0.21689169108867645 7 0.16209422051906586 8 0.039284687489271164 4 0.009839126840233803 5 0.004883653949946165 2 0.00430910661816597 6 0.0038063775282353163 0 7.181844557635486E-5  
22 null-source 5 0.42098766565322876 8 0.3481481373310089 6 0.22469136118888855 0 0.003703703638166189 2 0.0024691359139978886 7 0.0 4 0.0 3 0.0 1 0.0  
23 null-source 4 0.7970873713493347 3 0.17378640174865723 5 0.025242717936635017 7 0.0038834952283650637 8 0.0 6 0.0 2 0.0 1 0.0 0 0.0  
24 null-source 6 0.4411810636520386 3 0.29174497723579407 7 0.15969611704349518 4 0.03328634053468704 8 0.029918545857071877 1 0.023652881383895874 5 0.014254385605454445 0 0.006265664007514715 2 0.0  
25 null-source 5 0.47278910875320435 3 0.3852040767669678 0 0.13860544562339783 2 0.0029761905316263437 6 4.2517005931586027E-4 8 0.0 7 0.0 4 0.0 1 0.0  
26 null-source 1 0.3203416168689728 6 0.24347825348377228 7 0.1948757767677307 3 0.11661490797996521 8 0.07531055808067322 4 0.04906832426786423 0 3.105590003542602E-4 5 0.0 2 0.0  
27 null-source 3 0.45546457171440125 2 0.33257386088371277 4 0.21181915700435638 5 1.4239942538551986E-4 8 0.0 7 0.0 6 0.0 1 0.0 0 0.0  
28 null-source 6 0.45970243215560913 8 0.28952261805534363 0 0.10384377092123032 5 0.08183509111404419 4 0.046187229454517365 7 0.018908865749835968 3 0.0 2 0.0 1 0.0  
29 null-source 2 0.6243067979812622 4 0.2081022709608078 3 0.16646301746368408 7 0.0011279255850240588 8 0.0 6 0.0 5 0.0 1 0.0 0 0.0  
30 null-source 5 0.45121949911117554 3 0.2781426012516022 0 0.2162288874387741 7 0.03283302113413811 2 0.021575985476374626 8 0.0 6 0.0 4 0.0 1 0.0  
31 null-source 6 0.4568023979663849 8 0.3798411190509796 5 0.12512412667274475 7 0.034756701439619064 3 0.002979146083816886 0 4.965243279002607E-4 4 0.0 2 0.0 1 0.0  
32 null-source 4 0.5905478596687317 3 0.3166039288043976 2 0.08950229734182358 5 0.002927645342424512 7 4.182350530754775E-4 8 0.0 6 0.0 1 0.0 0 0.0  
33 null-source 4 0.6052452325820923 3 0.23297002911567688 2 0.15940053761005402 7 0.0023841962683945894 8 0.0 6 0.0 5 0.0 1 0.0 0 0.0  
34 null-source 2 0.42935678362846375 5 0.25508520007133484 4 0.1660252958536148 0 0.14953270554542542 8 0.0 7 0.0 6 0.0 3 0.0 1 0.0  
35 null-source 4 0.5190668702125549 3 0.2987886965274811 0 0.13593539595603943 7 0.017048003152012825 5 0.015702107921242714 6 0.013458950445055962 8 0.0 2 0.0 1 0.0  
36 null-source 3 0.4453723132610321 7 0.40079158544540405 5 0.07876652479171753 8 0.07506959140300751 6 0.0 4 0.0 2 0.0 1 0.0 0 0.0  
37 null-source 4 0.42916128039360046 3 0.38916128873825073 2 0.16283871233463287 0 0.013677419163286686 5 0.005161290522664785 8 0.0 7 0.0 6 0.0 1 0.0  
38 null-source 1 0.4387904703617096 6 0.2660183906555176 7 0.146929532289505 3 0.12974557280540466 5 0.015052617527544498 4 0.0034634340554475784 8 0.0 2 0.0 0 0.0  
39 null-source 6 0.33899980783462524 3 0.23142652213573456 0 0.1270911991596222 5 0.12034538388252258 7 0.1055045872926712 2 0.04074473679065704 4 0.02338550053536892 8 0.012502248398959637 1 0.0  
40 null-source 5 0.5910636186599731 3 0.3249150216579437 2 0.06847984343767166 7 0.01554152462631464 8 0.0 6 0.0 4 0.0 1 0.0 0 0.0  
41 null-source 5 0.5708209276199341 7 0.23904721438884735 3 0.18970650434494019 1 4.253509105183184E-4 8 0.0 6 0.0 4 0.0 2 0.0 0 0.0  
42 null-source 3 0.684474527835846 4 0.20335891842842102 7 0.060718901455402374 5 0.033513184636831284 0 0.008207310922443867 6 0.004711604211479425 8 0.004635610617697239 2 3.7996808532625437E-4 1 0.0  
43 null-source 4 0.735052764415741 3 0.21453693509101868 7 0.04630715027451515 2 0.004103165119886398 8 0.0 6 0.0 5 0.0 1 0.0 0 0.0  
44 null-source 7 0.6625797152519226 5 0.18317802250385284 3 0.07797940075397491 8 0.07601765543222427 2 2.452182525303215E-4 6 0.0 4 0.0 1 0.0 0 0.0  
45 null-source 3 0.3870202600955963 0 0.37063390016555786 8 0.1192324310541153 5 0.10586459934711456 7 0.017033204436302185 6 2.1561018365900964E-4 4 0.0 2 0.0 1 0.0  
46 null-source 2 0.39118704199790955 4 0.28192445635795593 5 0.20683453977108002 3 0.1016187071800232 0 0.018435250967741013 8 0.0 7 0.0 6 0.0 1 0.0  
47 null-source 3 0.5318599343299866 0 0.2735941410064697 7 0.10988325625658035 5 0.07985027879476547 8 0.0048124054446816444 6 0.0 4 0.0 2 0.0 1 0.0  
48 null-source 6 0.6569396257400513 3 0.21341463923454285 7 0.09843205660581589 8 0.028455285355448723 5 0.001742160296998918 2 5.807200795970857E-4 0 4.355400742497295E-4 4 0.0 1 0.0  
49 null-source 7 0.4264821708202362 3 0.3603358566761017 0 0.08439766615629196 6 0.0674077570438385 5 0.0612976960837841 8 7.883948273956776E-5 4 0.0 2 0.0 1 0.0  
50 null-source 6 0.7166883945465088 7 0.1088324636220932 5 0.0575086809694767 4 0.0537109375 3 0.0520833320915699 8 0.01030815951526165 2 8.680555620230734E-4 1 0.0 0 0.0  
51 null-source 7 0.520698070526123 0 0.3747970759868622 5 0.09882305562496185 3 0.005478896200656891 8 2.02922077733092E-4 6 0.0 4 0.0 2 0.0 1 0.0  
52 null-source 5 0.7662875056266785 3 0.14167527854442596 0 0.09100310504436493 8 0.0010341261513531208 7 0.0 6 0.0 4 0.0 2 0.0 1 0.0  
53 null-source 3 0.49298596382141113 4 0.42334669828414917 1 0.0836673378944397 8 0.0 7 0.0 6 0.0 5 0.0 2 0.0 0 0.0  
54 null-source 5 0.49487751722335815 3 0.3429844081401825 0 0.11180400848388672 7 0.03474387526512146 2 0.015590200200676918 8 0.0 6 0.0 4 0.0 1 0.0  
55 null-source 4 0.3868940770626068 2 0.31208857893943787 3 0.20646320283412933 0 0.04428485780954361 5 0.03141831234097481 7 0.018850987777113914 8 0.0 6 0.0 1 0.0  
56 null-source 1 0.33681386709213257 3 0.2871437966823578 7 0.19577986001968384 6 0.16510768234729767 8 0.014937277883291245 5 2.1753317560069263E-4 4 0.0 2 0.0 0 0.0  
57 null-source 6 0.42323723435401917 8 0.19399097561836243 2 0.14527614414691925 1 0.1205279603600502 7 0.10133726894855499 3 0.015022577717900276 0 5.210142699070275E-4 5 8.683570922585204E-5 4 0.0  
58 null-source 0 0.3449612259864807 5 0.28737542033195496 6 0.2380952388048172 8 0.060908082872629166 2 0.0514950156211853 4 0.017165005207061768 7 0.0 3 0.0 1 0.0  
59 null-source 6 0.5675227046012878 3 0.2156708538532257 7 0.1919112503528595 5 0.016247378662228584 4 0.00864779856055975 8 0.0 2 0.0 1 0.0 0 0.0  
60 null-source 3 0.6734516620635986 4 0.24699679017066956 2 0.05739455297589302 7 0.0136812599375844 0 0.007941804826259613 6 2.6695142150856555E-4 5 2.6695142150856555E-4 8 0.0 1 0.0  
61 null-source 4 0.8507462739944458 2 0.09529276937246323 7 0.034443169832229614 3 0.019517796114087105 8 0.0 6 0.0 5 0.0 1 0.0 0 0.0  
62 null-source 6 0.373302698135376 8 0.33549195528030396 7 0.16586588323116302 3 0.0804261565208435 5 0.043242115527391434 0 0.0016711928183212876 4 0.0 2 0.0 1 0.0  
63 null-source 4 0.8612499833106995 0 0.10499999672174454 2 0.029999999329447746 7 0.0037499999161809683 8 0.0 6 0.0 5 0.0 3 0.0 1 0.0  
64 null-source 5 0.5873481631278992 3 0.3695014715194702 7 0.0431503988802433 8 0.0 6 0.0 4 0.0 2 0.0 1 0.0 0 0.0  
65 null-source 4 0.9538152813911438 5 0.046184737235307693 8 0.0 7 0.0 6 0.0 3 0.0 2 0.0 1 0.0 0 0.0  
66 null-source 4 0.7421543598175049 3 0.20356233417987823 0 0.03477523475885391 8 0.01865988038480282 6 8.481764234602451E-4 7 0.0 5 0.0 2 0.0 1 0.0  
67 null-source 0 0.5459290146827698 5 0.4384133517742157 3 0.015657620504498482 8 0.0 7 0.0 6 0.0 4 0.0 2 0.0 1 0.0  
68 null-source 4 0.8455743789672852 5 0.10546139627695084 3 0.04896421730518341 8 0.0 7 0.0 6 0.0 2 0.0 1 0.0 0 0.0  
69 null-source 3 0.33177340030670166 1 0.31502464413642883 6 0.2124384194612503 7 0.13879311084747314 2 0.001231527072377503 0 7.389162783510983E-4 8 0.0 5 0.0 4 0.0  
70 null-source 5 0.6493688821792603 3 0.30645161867141724 0 0.03716690093278885 7 0.007012622896581888 8 0.0 6 0.0 4 0.0 2 0.0 1 0.0  
71 null-source 5 0.2907845675945282 3 0.2826898992061615 2 0.1977999210357666 0 0.1394769549369812 7 0.0892486497759819 8 0.0 6 0.0 4 0.0 1 0.0  
